# unix_time, cycles_done, cur_path, paths_total, pending_total, pending_favs, map_size, unique_crashes, unique_hangs, max_depth, execs_per_sec
1507572575, 0, 0, 1, 1, 1, 4.63%, 0, 0, 1, 186.05
1507572580, 0, 0, 33, 33, 1, 4.95%, 0, 0, 2, 201.36
1507572585, 0, 0, 39, 39, 1, 4.97%, 0, 0, 2, 205.03
1507572590, 0, 0, 42, 42, 1, 4.97%, 0, 0, 2, 205.33
1507572595, 0, 0, 43, 43, 1, 4.98%, 0, 0, 2, 205.24
1507572600, 0, 0, 46, 46, 1, 4.99%, 0, 0, 2, 206.12
1507572616, 0, 0, 47, 47, 1, 4.99%, 0, 0, 2, 204.03
1507572682, 0, 0, 48, 48, 1, 5.00%, 0, 0, 2, 205.28
1507572687, 0, 0, 49, 49, 1, 5.00%, 0, 0, 2, 205.06
1507572703, 0, 0, 54, 53, 0, 5.00%, 0, 0, 2, 199.97
1507572708, 0, 1, 63, 62, 37, 5.01%, 0, 0, 2, 196.57
1507572748, 0, 2, 63, 61, 36, 5.01%, 0, 0, 2, 198.20
1507572788, 0, 3, 63, 60, 35, 5.01%, 0, 0, 2, 198.15
1507572829, 0, 4, 63, 59, 34, 5.01%, 0, 0, 2, 199.04
1507572925, 0, 5, 63, 58, 33, 5.01%, 0, 0, 2, 198.95
1507572970, 0, 5, 137, 131, 32, 5.35%, 0, 0, 2, 185.61
1507572975, 0, 6, 137, 131, 56, 5.35%, 0, 0, 2, 189.49
1507573016, 0, 7, 137, 130, 55, 5.35%, 0, 0, 2, 183.56
1507573127, 0, 8, 137, 129, 54, 5.35%, 0, 0, 2, 197.19
1507573168, 0, 12, 137, 128, 53, 5.35%, 0, 0, 2, 197.56
1507573265, 0, 13, 137, 127, 52, 5.35%, 0, 0, 2, 195.33
1507573306, 0, 13, 223, 212, 51, 5.74%, 0, 0, 2, 189.33
1507573311, 0, 14, 241, 230, 76, 5.76%, 0, 0, 2, 190.97
1507573413, 0, 15, 243, 231, 75, 5.81%, 0, 0, 3, 196.29
1507573510, 0, 16, 243, 230, 75, 5.81%, 0, 0, 3, 193.77
1507573515, 0, 16, 244, 231, 75, 5.82%, 0, 0, 3, 193.23
1507573612, 0, 17, 244, 230, 75, 5.82%, 0, 0, 3, 199.94
1507573653, 0, 21, 244, 229, 74, 5.82%, 0, 0, 3, 179.21
1507573699, 0, 21, 316, 300, 73, 5.85%, 0, 0, 3, 197.68
1507573704, 0, 21, 389, 373, 73, 5.92%, 0, 0, 3, 174.91
1507573709, 0, 22, 389, 373, 77, 5.92%, 0, 0, 3, 187.14
1507573769, 0, 24, 389, 372, 76, 5.92%, 0, 0, 3, 197.59
1507573835, 0, 25, 389, 371, 75, 5.92%, 0, 0, 3, 197.13
1507573952, 0, 27, 389, 370, 74, 5.92%, 0, 0, 3, 196.71
1507574053, 0, 30, 389, 369, 73, 5.92%, 0, 0, 3, 196.46
1507574165, 0, 30, 417, 396, 72, 5.93%, 0, 0, 3, 178.19
1507574170, 0, 32, 436, 415, 74, 5.93%, 0, 0, 3, 186.10
1507574288, 0, 33, 436, 414, 73, 5.93%, 0, 0, 3, 195.41
1507574399, 0, 34, 436, 413, 72, 5.93%, 0, 0, 3, 197.93
1507574420, 0, 34, 437, 414, 72, 5.93%, 0, 0, 3, 195.39
1507574516, 0, 35, 437, 413, 72, 5.93%, 0, 0, 3, 192.69
1507574617, 0, 37, 437, 412, 71, 5.93%, 0, 0, 3, 196.16
1507574713, 0, 37, 451, 425, 70, 5.94%, 0, 0, 3, 188.54
1507574719, 0, 38, 457, 431, 72, 5.94%, 0, 0, 3, 193.38
1507574759, 0, 40, 457, 430, 71, 5.94%, 0, 0, 3, 201.95
1507574870, 0, 41, 457, 429, 70, 5.94%, 0, 0, 3, 199.73
1507574911, 0, 42, 457, 428, 69, 5.94%, 0, 0, 3, 199.29
1507575028, 0, 43, 457, 427, 68, 5.94%, 0, 0, 3, 195.71
1507575130, 0, 44, 468, 437, 67, 5.94%, 0, 0, 3, 196.60
1507575227, 0, 45, 468, 436, 66, 5.94%, 0, 0, 3, 198.17
1507575284, 0, 47, 468, 435, 65, 5.94%, 0, 0, 3, 196.06
1507575294, 0, 50, 468, 434, 64, 5.94%, 0, 0, 3, 197.28
1507575335, 0, 55, 468, 433, 63, 5.94%, 0, 0, 3, 195.94
1507575447, 0, 62, 486, 450, 62, 5.97%, 0, 0, 3, 198.50
1507575462, 0, 77, 486, 449, 61, 5.97%, 0, 0, 3, 199.18
1507575477, 0, 78, 486, 448, 60, 5.97%, 0, 0, 3, 199.40
1507575497, 0, 79, 486, 447, 59, 5.97%, 0, 0, 3, 198.14
1507575513, 0, 80, 486, 446, 58, 5.97%, 0, 0, 3, 199.77
1507575523, 0, 83, 488, 447, 58, 5.97%, 0, 0, 3, 198.45
1507575543, 0, 85, 488, 446, 57, 5.97%, 0, 0, 3, 199.89
1507575640, 0, 92, 488, 445, 56, 5.97%, 0, 0, 3, 194.99
1507575661, 0, 96, 488, 444, 55, 5.97%, 0, 0, 3, 198.98
1507575676, 0, 97, 488, 443, 54, 5.97%, 0, 0, 3, 194.70
1507575697, 0, 100, 490, 444, 53, 5.97%, 0, 0, 3, 196.50
1507575712, 0, 105, 490, 443, 52, 5.97%, 0, 0, 3, 197.00
1507575737, 0, 117, 490, 442, 51, 5.97%, 0, 0, 3, 198.39
1507575758, 0, 118, 490, 441, 50, 5.97%, 0, 0, 3, 196.14
1507575809, 0, 122, 490, 440, 49, 5.97%, 0, 0, 3, 197.15
1507575835, 0, 134, 492, 441, 48, 5.97%, 0, 0, 3, 199.58
1507575850, 0, 135, 492, 440, 47, 5.97%, 0, 0, 3, 196.69
1507575870, 0, 160, 492, 439, 46, 5.97%, 0, 0, 3, 198.45
1507575890, 0, 160, 493, 440, 46, 5.97%, 0, 0, 3, 198.23
1507575900, 0, 167, 493, 439, 46, 5.97%, 0, 0, 3, 197.64
1507575930, 0, 177, 493, 438, 46, 5.97%, 0, 0, 3, 199.48
1507575951, 0, 183, 498, 442, 45, 5.97%, 0, 0, 3, 200.20
1507576012, 0, 186, 498, 441, 44, 5.97%, 0, 0, 3, 196.50
1507576062, 0, 187, 498, 440, 43, 5.97%, 0, 0, 3, 196.75
1507576108, 0, 188, 498, 439, 44, 5.97%, 0, 0, 3, 196.63
1507576144, 0, 189, 498, 438, 43, 5.97%, 0, 0, 3, 198.88
1507576226, 0, 193, 500, 439, 42, 5.97%, 0, 0, 3, 196.72
1507576251, 0, 208, 500, 438, 41, 5.97%, 0, 0, 3, 199.20
1507576297, 0, 210, 500, 437, 40, 5.97%, 0, 0, 3, 197.73
1507580551, 0, 212, 500, 436, 39, 5.97%, 0, 0, 3, 196.57
1507580582, 0, 216, 500, 435, 38, 5.97%, 0, 0, 3, 201.50
1507580607, 0, 216, 516, 450, 37, 5.97%, 0, 0, 3, 201.52
1507580612, 0, 216, 604, 538, 37, 6.00%, 0, 0, 3, 198.33
1507580617, 0, 218, 604, 538, 44, 6.00%, 0, 0, 3, 203.37
1507580637, 0, 219, 604, 537, 43, 6.00%, 0, 0, 3, 201.78
1507580668, 0, 220, 604, 536, 42, 6.00%, 0, 0, 3, 207.50
1507580693, 0, 230, 604, 535, 41, 6.00%, 0, 0, 3, 204.83
1507580719, 0, 236, 604, 534, 40, 6.00%, 0, 0, 3, 203.44
1507580785, 0, 243, 605, 534, 39, 6.00%, 0, 0, 3, 202.66
1507580881, 0, 250, 605, 533, 38, 6.00%, 0, 0, 3, 197.82
1507580907, 0, 252, 605, 532, 37, 6.00%, 0, 0, 3, 201.07
1507580928, 0, 256, 605, 531, 37, 6.00%, 0, 0, 3, 200.63
1507580958, 0, 267, 605, 530, 36, 6.00%, 0, 0, 3, 200.43
1507580984, 0, 269, 605, 529, 35, 6.00%, 0, 0, 3, 202.26
1507581019, 0, 288, 605, 528, 34, 6.00%, 0, 0, 3, 198.04
1507581070, 0, 311, 605, 527, 33, 6.00%, 0, 0, 3, 199.85
1507581100, 0, 329, 605, 526, 32, 6.00%, 0, 0, 3, 198.27
1507581141, 0, 330, 605, 525, 31, 6.00%, 0, 0, 3, 199.97
1507581181, 0, 331, 606, 525, 30, 6.00%, 0, 0, 3, 198.47
1507581278, 0, 332, 606, 524, 29, 6.00%, 0, 0, 3, 199.57
1507581379, 0, 375, 606, 523, 28, 6.00%, 0, 0, 3, 168.57
1507581466, 0, 375, 607, 524, 28, 6.00%, 0, 0, 3, 140.59
1507581553, 0, 375, 608, 525, 28, 6.00%, 0, 0, 3, 140.18
1507594026, 0, 377, 608, 524, 28, 6.00%, 0, 0, 3, 165.77
1507594062, 0, 378, 608, 523, 27, 6.00%, 0, 0, 3, 156.99
1507615493, 0, 378, 663, 577, 26, 6.00%, 0, 0, 3, 169.74
1507615498, 0, 378, 734, 648, 26, 6.07%, 0, 0, 3, 187.63
1507615503, 0, 383, 734, 648, 34, 6.07%, 0, 0, 3, 192.96
1507619766, 0, 384, 734, 647, 33, 6.07%, 0, 0, 3, 193.97
1507619867, 0, 393, 734, 646, 32, 6.07%, 0, 0, 3, 199.23
1507619888, 0, 395, 734, 645, 31, 6.07%, 0, 0, 3, 197.52
1507619908, 0, 398, 734, 644, 30, 6.07%, 0, 0, 3, 175.92
1507631922, 0, 398, 770, 679, 30, 6.13%, 0, 0, 3, 161.00
1507631927, 0, 436, 770, 679, 31, 6.13%, 0, 0, 3, 184.04
1507632040, 0, 445, 770, 678, 30, 6.13%, 0, 0, 3, 191.47
1507638772, 0, 447, 770, 677, 29, 6.13%, 0, 0, 3, 196.23
1507639053, 0, 450, 770, 676, 29, 6.13%, 0, 0, 3, 196.95
1507639084, 0, 455, 770, 675, 28, 6.13%, 0, 0, 3, 200.48
1507639145, 0, 455, 807, 711, 27, 6.16%, 0, 0, 3, 190.28
1507639150, 0, 475, 807, 711, 31, 6.16%, 0, 0, 3, 196.59
1507639170, 0, 491, 807, 710, 30, 6.16%, 0, 0, 3, 198.67
1507639272, 0, 492, 807, 709, 29, 6.16%, 0, 0, 3, 197.98
1507639303, 0, 497, 807, 708, 28, 6.16%, 0, 0, 3, 197.35
1507639353, 0, 531, 807, 707, 28, 6.16%, 0, 0, 3, 196.78
1507639378, 0, 571, 807, 706, 27, 6.16%, 0, 0, 3, 178.23
1507647433, 0, 589, 807, 705, 26, 6.16%, 0, 0, 3, 168.59
1507647524, 0, 591, 807, 704, 25, 6.16%, 0, 0, 3, 197.58
1507647580, 0, 596, 807, 703, 24, 6.16%, 0, 0, 3, 197.68
1507647606, 0, 619, 807, 702, 23, 6.16%, 0, 0, 3, 196.14
1507647631, 0, 631, 813, 707, 22, 6.16%, 0, 0, 3, 196.20
1507653392, 0, 638, 813, 706, 21, 6.16%, 0, 0, 3, 188.16
1507655643, 0, 664, 813, 705, 20, 6.16%, 0, 0, 3, 194.06
1507655963, 0, 669, 813, 704, 20, 6.16%, 0, 0, 3, 202.16
1507656030, 0, 672, 813, 703, 19, 6.16%, 0, 0, 3, 194.81
1507656088, 0, 678, 823, 712, 18, 6.16%, 0, 0, 3, 199.81
1507656216, 0, 682, 823, 711, 17, 6.16%, 0, 0, 3, 202.58
1507656242, 0, 697, 823, 710, 16, 6.16%, 0, 0, 3, 205.07
1507657195, 0, 704, 823, 709, 15, 6.16%, 0, 0, 3, 200.81
1507657235, 0, 705, 823, 708, 14, 6.16%, 0, 0, 3, 199.80
1507657255, 0, 706, 824, 708, 13, 6.16%, 0, 0, 3, 198.55
1507657276, 0, 707, 824, 707, 12, 6.16%, 0, 0, 3, 192.24
1507657297, 0, 714, 824, 706, 11, 6.16%, 0, 0, 3, 197.00
1507657353, 0, 745, 824, 705, 10, 6.16%, 0, 0, 3, 185.54
1507729191, 0, 745, 825, 706, 10, 6.16%, 0, 0, 3, 89.22
1507730129, 0, 745, 826, 707, 10, 6.16%, 0, 0, 3, 91.45
1507730144, 0, 745, 827, 708, 10, 6.16%, 0, 0, 3, 91.77
1507730315, 0, 746, 827, 707, 10, 6.16%, 0, 0, 3, 142.24
